regine.marx@example.com,,,,,
marin.dupont@example.com,,,,,
sara.polon@example.com,,,,,